1003
1005
1016
1035
1041
1046
1055
1057
1061
1064
1067
1072
1081
1095
1101
1108
1127
1136
1148
1153
1173
1182
1183
1184
1208
1211
1213
1217
1223
1229
1233
1236
1251
1270
1288
1310
1321
1324
1334
1337
1344
1359
1363
1366
1368
1381
1393
1397
1436
1444
1446
1447
1457
1463
1471
1481
1482
1489
1495
1496
1504
1510
1518
1526
1538
1540
1542
1559
1564
1571
1577
1582
1601
1604
1613
1630
1653
1672
1679
1688
1690
1695
1698
1708
1712
1716
1727
1734
1745
1746
1753
1789
1800
1811
1825
1846
1867
1869
1883
1884
1888
1891
1894
1896
1897
1909
1914
1918
1924
1929
1930
1937
1940
1948
1959
1968
1973
1977
1978
1984
1997
2011
2021
2025
2030
2031
2033
2039
2050
2067
2079
2089
2092
2118
2120
2122
2129
2136
2141
2154
2157
2161
2163
2177
2180
2189
2190
2198
2199
2204
2227
2233
2236
2251
2257
2267
2271
2276
2282
2285
2292
2293
2297
2304
2309
2310
2313
2319
2330
2341
2345
2367
2379
2381
2382
2384
2399
2402
2403
2407
2408
2421
2430
2443
2457
2460
2473
2475
2476
2477
2493
2509
2517
2520
2524
2525
2528
2552
2558
2571
2584
2597
2615
2617
2645
2646
2648
2660
2684
2690
2705
2712
2717
2718
2736
2747
2750
2770
2776
2777
2789
2796
2800
2803
2806
2808
2822
2837
2841
2845
2855
2862
2865
2870
2889
2893
2895
2908
2910
2914
2921
2930
2934
2937
2948
2966
2973
2975
2977
2987
2988
3004
3012
3013
3046
3090
3092
3098
3099
3104
3114
3134
3143
3156
3158
3174
3175
3180
3181
3200
3201
3208
3219
3226
3228
3233
3250
3258
3259
3268
3279
3283
3299
3318
3319
3331
3344
3357
3361
3373
3386
3400
3406
3446
3448
3449
3477
3487
3499
3501
3514
3515
3516
3517
3521
3525
3526
3540
3558
3575
3576
3588
3607
3627
3629
3634
3639
3641
3676
3679
3682
3693
3697
3703
3720
3724
3737
3750
3751
3755
3758
3759
3761
3788
3790
3807
3808
3822
3825
3849
3859
3867
3879
3896
3909
3926
3931
3934
3936
3942
3948
3954
3957
3979
3980
3988
3989
3994
4009
4010
4014
4019
4030
4035
4037
4038
4039
4052
4059
4069
4072
4084
4087
4089
4090
4093
4099
4117
4144
4154
4156
4158
4167
4171
4182
4185
4193
4203
4210
4213
4215
4220
4231
4236
4247
4255
4262
4263
4265
4268
4274
4282
4310
4321
4328
4330
4331
4335
4340
4351
4360
4362
4367
4377
4381
4394
4400
4402
4413
4417
4451
4462
4484
4489
4491
4493
4496
4502
4512
4520
4521
4533
4538
4569
4583
4585
4590
4599
4610
4615
4622
4625
4630
4652
4654
4659
4662
4670
4674
4678
4681
4684
4686
4700
4705
4706
4712
4713
4720
4736
4749
4765
4769
4781
4785
4789
4790
4802
4824
4828
4847
4855
4863
4875
4878
4879
4882
4893
4895
4899
4920
4925
4936
4940
4942
4946
4947
4948
4964
4977
4987
4989
4995
5003
5026
5051
5053
5064
5073
5080
5082
5090
5099
5101
5105
5110
5115
5119
5126
5148
5151
5156
5171
5194
5198
5200
5217
5224
5226
5227
5230
5249
5253
5276
5279
5302
5306
5309
5314
5329
5332
5338
5352
5367
5370
5381
5385
5388
5391
5393
5401
5416
5430
5434
5440
5444
5446
5454
5463
5468
5469
5474
5493
5496
5504
5518
5522
5551
5571
5597
5599
5604
5605
5617
5623
5652
5653
5657
5663
5668
5670
5691
5706
5712
5726
5747
5750
5756
5760
5794
5805
5812
5813
5815
5821
5829
5831
5839
5870
5884
5889
5891
5900
5906
5920
5921
5925
5931
5940
5942
5943
5945
5948
5950
5956
5995
6006
6012
6022
6026
6027
6053
6060
6068
6071
6092
6097
6111
6122
6125
6131
6156
6169
6173
6174
6185
6187
6207
6219
6231
6234
6237
6249
6250
6257
6258
6260
6261
6271
6284
6297
6301
6305
6331
6332
6347
6361
6366
6374
6383
6397
6407
6412
6419
6421
6429
6433
6436
6443
6447
6453
6462
6465
6479
6484
6488
6494
6500
6502
6512
6516
6522
6536
6540
6543
6549
6550
6553
6557
6560
6562
6563
6565
6569
6576
6590
6592
6605
6615
6625
6638
6646
6657
6702
6708
6709
6711
6716
6724
6735
6741
6745
6753
6761
6762
6765
6772
6776
6781
6795
6799
6804
6820
6847
6851
6869
6873
6883
6885
6895
6923
6933
6950
6959
6985
6988
7012
7018
7037
7042
7045
7085
7097
7098
7117
7123
7125
7140
7143
7186
7187
7192
7201
7204
7210
7218
7219
7224
7232
7248
7275
7302
7306
7310
7349
7350
7356
7374
7377
7379
7381
7411
7420
7441
7442
7445
7446
7450
7457
7469
7488
7493
7504
7533
7561
7563
7574
7581
7582
7586
7591
7600
7613
7615
7636
7638
7639
7653
7656
7670
7676
7721
7723
7752
7769
7772
7773
7779
7783
7813
7864
7895
7903
7904
7907
7918
7972
7973
7976
7989
7998
8018
8036
8038
8041
8050
8057
8064
8092
8097
8115
8121
8129
8147
8156
8160
8177
8215
8229
8238
8245
8249
8268
8275
8276
8282
8284
8287
8311
8325
8330
8351
8364
8371
8401
8433
8444
8449
8450
8461
8465
8493
8496
8497
8498
8502
8503
8520
8528
8535
8546
8555
8589
8593
8599
8605
8621
8630
8634
8638
8654
8656
8663
8673
8676
8682
8700
8703
8706
8734
8754
8767
8768
8779
8780
8783
8784
8788
8800
8806
8808
8820
8828
8829
8831
8833
8835
8842
8845
8850
8858
8862
8869
8875
8896
8905
8935
8940
8972
8987
9003
9030
9031
9040
9041
9044
9046
9061
9064
9082
9084
9085
9091
9093
9121
9125
9142
9147
9148
9153
9154
9173
9176
9179
9196
9198
9209
9214
9227
9234
9245
9259
9262
9264
9286
9293
9301
9303
9317
9319
9327
9329
9332
9336
9360
9371
9394
9399
9426
9442
9445
9460
9466
9497
9498
9524
9525
9528
9530
9532
9550
9560
9566
9567
9574
9592
9639
9645
9648
9650
9662
9680
9709
9710
9714
9734
9738
9745
9765
9823
9824
9846
9859
9874
9905
9923
9962
9966
9973
9991
